start=1443.650542
sub-delay=9.800001
